기간	행정구역별	구분	계	0~4세	5~9세	10~14세	15~19세	20~24세	25~29세	30~34세	35~39세	40~44세	45~49세	50~54세	55~59세	60~64세	65~69세	70~74세	75~79세	80~84세	85~89세	90~94세	95~99세	100세 이상
2021.2/4	합계	계	9,795,426	261,426	352,673	374,251	400,977	650,630	855,400	753,246	745,584	745,617	788,418	813,512	739,500	737,221	549,419	403,182	295,381	192,873	92,688	33,016	7,921	2,491
2021.2/4	합계	한국인	9,565,990	256,117	346,409	370,085	396,487	617,638	825,570	728,466	723,862	728,861	772,210	792,713	713,519	725,284	544,520	401,362	294,687	192,468	92,455	32,924	7,884	2,469
2021.2/4	합계	등록외국인	229,436	5,309	6,264	4,166	4,490	32,992	29,830	24,780	21,722	16,756	16,208	20,799	25,981	11,937	4,899	1,820	694	405	233	92	37	22
2021.2/4	종로구	계	155,106	3,032	4,482	5,124	5,905	13,211	14,487	10,937	10,068	10,497	11,963	13,434	12,509	11,852	8,743	6,416	5,450	4,010	1,994	734	206	52
2021.2/4	종로구	한국인	146,029	2,937	4,338	4,996	5,688	10,179	12,968	10,171	9,424	9,930	11,503	12,961	11,978	11,570	8,622	6,356	5,435	3,998	1,987	730	206	52
2021.2/4	종로구	등록외국인	9,077	95	144	128	217	3,032	1,519	766	644	567	460	473	531	282	121	60	15	12	7	4	-	-
2021.2/4	중구	계	132,259	3,286	3,708	3,342	3,756	9,061	12,333	11,130	10,628	9,522	9,493	10,882	10,677	10,461	7,866	5,772	4,675	3,158	1,646	653	151	59
2021.2/4	중구	한국인	123,016	3,091	3,414	3,119	3,544	7,412	10,911	10,154	9,727	8,845	8,893	10,258	9,945	10,082	7,674	5,690	4,630	3,134	1,635	650	149	59
2021.2/4	중구	등록외국인	9,243	195	294	223	212	1,649	1,422	976	901	677	600	624	732	379	192	82	45	24	11	3	2	-
2021.2/4	용산구	계	240,665	6,578	7,860	7,699	8,500	14,483	21,347	21,374	20,511	18,636	19,085	20,304	18,158	17,246	12,376	9,151	7,388	5,528	2,966	1,076	306	93
2021.2/4	용산구	한국인	226,378	6,081	7,076	7,091	8,053	13,646	19,959	19,596	18,565	16,991	17,781	19,141	17,291	16,732	12,123	9,011	7,319	5,499	2,958	1,072	302	91
2021.2/4	용산구	등록외국인	14,287	497	784	608	447	837	1,388	1,778	1,946	1,645	1,304	1,163	867	514	253	140	69	29	8	4	4	2
2021.2/4	성동구	계	295,767	9,797	10,275	9,130	10,467	20,758	26,416	24,113	24,814	22,362	22,407	24,489	22,986	22,162	15,325	11,450	8,836	5,971	2,799	929	197	84
2021.2/4	성동구	한국인	289,162	9,683	10,159	9,064	10,349	19,169	25,205	23,425	24,281	21,965	22,023	24,038	22,476	21,915	15,217	11,412	8,818	5,966	2,794	927	195	81
2021.2/4	성동구	등록외국인	6,605	114	116	66	118	1,589	1,211	688	533	397	384	451	510	247	108	38	18	5	5	2	2	3
2021.2/4	광진구	계	355,306	8,104	11,111	12,265	13,519	28,553	38,835	30,396	26,915	25,493	27,104	29,183	26,948	26,065	18,245	12,770	9,364	6,284	2,882	955	243	72
2021.2/4	광진구	한국인	342,481	7,788	10,788	12,061	13,259	25,671	36,681	29,172	25,956	24,825	26,451	28,218	25,612	25,466	18,065	12,710	9,347	6,272	2,872	954	242	71
2021.2/4	광진구	등록외국인	12,825	316	323	204	260	2,882	2,154	1,224	959	668	653	965	1,336	599	180	60	17	12	10	1	1	1
2021.2/4	동대문구	계	352,259	9,155	11,147	11,119	12,548	31,217	33,825	25,775	25,538	24,786	25,626	27,641	25,777	26,843	20,523	15,303	12,220	8,007	3,698	1,158	273	80
2021.2/4	동대문구	한국인	338,040	9,007	10,975	11,021	12,224	25,736	30,422	24,469	24,793	24,272	25,203	27,149	25,148	26,570	20,401	15,258	12,207	7,992	3,686	1,155	272	80
2021.2/4	동대문구	등록외국인	14,219	148	172	98	324	5,481	3,403	1,306	745	514	423	492	629	273	122	45	13	15	12	3	1	-
2021.2/4	중랑구	계	394,679	10,077	12,277	12,304	13,832	23,419	33,170	29,548	28,754	27,908	29,259	34,600	34,463	34,896	25,191	17,967	13,198	8,401	3,749	1,289	300	77
2021.2/4	중랑구	한국인	389,972	9,902	12,127	12,200	13,752	22,958	32,522	28,811	28,239	27,554	28,939	34,217	34,005	34,701	25,112	17,932	13,191	8,400	3,746	1,287	300	77
2021.2/4	중랑구	등록외국인	4,707	175	150	104	80	461	648	737	515	354	320	383	458	195	79	35	7	1	3	2	-	-
2021.2/4	성북구	계	443,206	11,982	16,665	17,539	19,543	35,248	36,320	29,401	31,517	32,619	36,920	37,766	31,934	32,184	24,096	18,200	14,633	9,934	4,615	1,632	352	106
2021.2/4	성북구	한국인	433,658	11,838	16,530	17,444	19,225	31,977	34,206	28,401	30,848	32,169	36,568	37,413	31,620	32,026	24,001	18,163	14,613	9,922	4,606	1,632	351	105
2021.2/4	성북구	등록외국인	9,548	144	135	95	318	3,271	2,114	1,000	669	450	352	353	314	158	95	37	20	12	9	-	1	1
2021.2/4	강북구	계	306,093	6,167	8,892	9,865	11,525	19,578	23,498	18,898	19,608	21,150	24,606	26,881	25,401	26,641	20,405	16,368	13,129	8,384	3,620	1,144	283	50
2021.2/4	강북구	한국인	302,645	6,090	8,816	9,833	11,477	19,012	22,983	18,444	19,258	20,876	24,381	26,652	25,088	26,467	20,349	16,338	13,114	8,378	3,618	1,141	282	48
2021.2/4	강북구	등록외국인	3,448	77	76	32	48	566	515	454	350	274	225	229	313	174	56	30	15	6	2	3	1	2
2021.2/4	도봉구	계	322,419	7,338	10,590	11,543	13,339	20,086	23,003	19,392	20,994	21,993	25,542	28,972	27,400	29,333	21,581	15,573	11,949	8,117	3,886	1,365	300	123
2021.2/4	도봉구	한국인	320,365	7,286	10,555	11,518	13,301	19,846	22,674	19,075	20,753	21,821	25,370	28,796	27,266	29,259	21,548	15,563	11,947	8,114	3,885	1,365	300	123
2021.2/4	도봉구	등록외국인	2,054	52	35	25	38	240	329	317	241	172	172	176	134	74	33	10	2	3	1	-	-	-
2021.2/4	노원구	계	520,005	12,781	19,100	23,859	27,792	37,828	35,739	30,861	33,698	38,319	45,847	47,456	40,005	40,023	29,799	21,263	16,045	11,262	5,707	2,050	451	120
2021.2/4	노원구	한국인	515,997	12,711	19,052	23,822	27,646	36,691	35,014	30,390	33,340	38,070	45,659	47,257	39,810	39,914	29,758	21,245	16,035	11,258	5,705	2,049	451	120
2021.2/4	노원구	등록외국인	4,008	70	48	37	146	1,137	725	471	358	249	188	199	195	109	41	18	10	4	2	1	-	-
2021.2/4	은평구	계	479,409	12,198	16,611	17,929	20,047	29,279	37,863	33,360	35,075	36,138	39,624	40,885	36,630	37,849	28,376	21,870	16,956	11,325	5,088	1,633	389	284
2021.2/4	은평구	한국인	475,371	12,100	16,520	17,851	19,931	29,028	37,367	32,814	34,566	35,753	39,318	40,501	36,262	37,644	28,271	21,827	16,932	11,305	5,079	1,630	388	284
2021.2/4	은평구	등록외국인	4,038	98	91	78	116	251	496	546	509	385	306	384	368	205	105	43	24	20	9	3	1	-
2021.2/4	서대문구	계	317,699	8,556	11,139	10,948	12,641	25,402	29,611	23,230	23,011	22,592	24,566	26,160	23,310	22,906	16,776	13,005	10,727	7,736	3,727	1,249	294	113
2021.2/4	서대문구	한국인	307,070	8,467	10,985	10,780	12,285	22,173	27,352	22,168	22,325	22,047	24,124	25,737	22,890	22,570	16,571	12,898	10,661	7,691	3,699	1,243	292	112
2021.2/4	서대문구	등록외국인	10,629	89	154	168	356	3,229	2,259	1,062	686	545	442	423	420	336	205	107	66	45	28	6	2	1
2021.2/4	마포구	계	379,984	10,991	13,618	13,833	14,630	27,735	38,313	33,486	32,554	30,271	31,427	30,057	25,381	23,797	17,167	13,034	10,735	7,544	3,719	1,311	271	110
2021.2/4	마포구	한국인	370,132	10,854	13,422	13,709	14,406	25,509	36,306	32,205	31,651	29,612	30,927	29,592	24,898	23,508	16,984	12,945	10,700	7,516	3,707	1,305	269	107
2021.2/4	마포구	등록외국인	9,852	137	196	124	224	2,226	2,007	1,281	903	659	500	465	483	289	183	89	35	28	12	6	2	3
2021.2/4	양천구	계	454,288	11,430	19,393	24,794	25,323	28,295	30,894	26,860	30,660	36,632	41,780	41,348	35,550	34,387	25,320	17,461	11,408	7,316	3,703	1,327	336	71
2021.2/4	양천구	한국인	450,992	11,376	19,312	24,725	25,277	28,144	30,580	26,464	30,267	36,319	41,471	40,956	35,112	34,197	25,241	17,416	11,398	7,309	3,699	1,324	336	69
2021.2/4	양천구	등록외국인	3,296	54	81	69	46	151	314	396	393	313	309	392	438	190	79	45	10	7	4	3	-	2
2021.2/4	강서구	계	582,995	16,696	21,844	21,346	22,797	33,915	53,609	51,194	48,826	45,925	45,227	44,026	41,861	45,325	33,614	23,525	15,465	10,077	5,130	2,021	480	92
2021.2/4	강서구	한국인	577,519	16,521	21,707	21,272	22,745	33,687	53,041	50,404	48,075	45,386	44,801	43,509	41,201	45,010	33,480	23,468	15,435	10,064	5,123	2,018	480	92
2021.2/4	강서구	등록외국인	5,476	175	137	74	52	228	568	790	751	539	426	517	660	315	134	57	30	13	7	3	-	-
2021.2/4	구로구	계	424,582	12,888	15,610	15,054	15,306	23,538	33,086	33,042	33,460	32,801	33,650	35,466	35,313	34,182	25,671	18,985	13,050	8,176	3,747	1,210	295	52
2021.2/4	구로구	한국인	399,266	12,079	14,720	14,552	15,023	22,872	31,931	30,725	30,928	30,772	31,275	31,939	30,366	32,104	24,833	18,754	12,988	8,139	3,722	1,201	291	52
2021.2/4	구로구	등록외국인	25,316	809	890	502	283	666	1,155	2,317	2,532	2,029	2,375	3,527	4,947	2,078	838	231	62	37	25	9	4	-
2021.2/4	금천구	계	244,685	5,950	7,140	6,961	7,801	14,325	23,792	20,442	17,860	16,427	18,282	21,621	22,946	20,957	14,569	10,508	7,523	4,588	2,076	722	148	47
2021.2/4	금천구	한국인	230,168	5,445	6,583	6,639	7,656	14,028	23,156	19,191	16,460	15,290	16,809	19,441	20,064	19,839	14,147	10,388	7,489	4,570	2,065	717	145	46
2021.2/4	금천구	등록외국인	14,517	505	557	322	145	297	636	1,251	1,400	1,137	1,473	2,180	2,882	1,118	422	120	34	18	11	5	3	1
2021.2/4	영등포구	계	402,375	13,100	13,967	12,113	12,625	22,469	38,303	38,363	35,402	30,176	30,001	32,570	32,198	29,517	21,141	15,734	11,455	7,769	3,887	1,215	306	64
2021.2/4	영등포구	한국인	377,421	12,345	13,077	11,580	12,293	21,918	37,193	36,209	33,058	28,181	27,684	28,984	27,198	27,389	20,328	15,462	11,378	7,724	3,858	1,202	296	64
2021.2/4	영등포구	등록외국인	24,954	755	890	533	332	551	1,110	2,154	2,344	1,995	2,317	3,586	5,000	2,128	813	272	77	45	29	13	10	-
2021.2/4	동작구	계	397,231	10,598	13,586	13,146	14,417	28,966	39,953	32,918	30,205	29,120	29,945	30,934	28,732	28,979	21,814	17,093	12,648	8,294	3,967	1,409	349	158
2021.2/4	동작구	한국인	387,847	10,443	13,430	13,040	14,251	26,947	38,488	32,065	29,504	28,596	29,465	30,151	27,637	28,401	21,630	17,030	12,623	8,281	3,956	1,405	349	155
2021.2/4	동작구	등록외국인	9,384	155	156	106	166	2,019	1,465	853	701	524	480	783	1,095	578	184	63	25	13	11	4	-	3
2021.2/4	관악구	계	502,698	9,405	12,280	12,751	15,584	39,822	72,114	50,967	37,695	33,851	34,808	36,159	34,339	34,276	26,600	21,091	15,622	9,637	3,961	1,336	294	106
2021.2/4	관악구	한국인	488,800	9,113	11,931	12,553	15,320	38,590	70,151	49,308	36,426	32,937	33,859	34,767	32,364	33,353	26,267	20,983	15,590	9,615	3,946	1,329	292	106
2021.2/4	관악구	등록외국인	13,898	292	349	198	264	1,232	1,963	1,659	1,269	914	949	1,392	1,975	923	333	108	32	22	15	7	2	-
2021.2/4	서초구	계	422,174	12,442	20,367	23,236	21,858	24,644	29,612	29,769	32,437	37,286	39,548	35,688	27,820	27,072	21,281	16,078	11,154	6,659	3,345	1,400	365	113
2021.2/4	서초구	한국인	418,407	12,351	20,196	23,084	21,761	24,462	29,175	29,240	31,926	36,839	39,166	35,379	27,590	26,946	21,227	16,058	11,143	6,650	3,341	1,396	365	112
2021.2/4	서초구	등록외국인	3,767	91	171	152	97	182	437	529	511	447	382	309	230	126	54	20	11	9	4	4	-	1
2021.2/4	강남구	계	536,107	12,919	22,579	29,378	28,957	32,612	40,373	39,303	41,330	47,612	50,890	45,888	34,915	33,167	27,422	20,565	13,743	8,050	4,068	1,726	477	133
2021.2/4	강남구	한국인	531,375	12,865	22,519	29,320	28,863	32,230	39,436	38,385	40,678	47,162	50,552	45,610	34,677	33,050	27,335	20,534	13,720	8,041	4,065	1,724	477	132
2021.2/4	강남구	등록외국인	4,732	54	60	58	94	382	937	918	652	450	338	278	238	117	87	31	23	9	3	2	-	1
2021.2/4	송파구	계	664,341	20,431	28,373	29,107	28,915	39,531	53,538	53,370	55,574	54,787	53,745	53,767	48,766	49,273	37,313	24,990	15,785	9,456	5,026	1,990	492	112
2021.2/4	송파구	한국인	658,670	20,315	28,218	29,008	28,863	39,284	52,931	52,571	54,827	54,287	53,247	53,126	48,053	48,962	37,216	24,941	15,765	9,444	5,022	1,987	491	112
2021.2/4	송파구	등록외국인	5,671	116	155	99	52	247	607	799	747	500	498	641	713	311	97	49	20	12	4	3	1	-
2021.2/4	강동구	계	469,094	15,525	20,059	19,866	19,350	26,655	35,366	35,117	38,450	38,714	37,073	37,335	35,481	37,828	28,205	19,010	12,223	7,190	3,682	1,482	363	120
2021.2/4	강동구	한국인	465,209	15,429	19,959	19,803	19,295	26,469	34,918	34,609	37,987	38,362	36,741	36,921	34,968	37,609	28,120	18,980	12,209	7,186	3,681	1,481	363	119
2021.2/4	강동구	등록외국인	3,885	96	100	63	55	186	448	508	463	352	332	414	513	219	85	30	14	4	1	1	-	1